void ReversePrint(Node *head)
{
  // This is a "method-only" submission. 
  // You only need to complete this method. 
    
     if(!head)
       return;
    Node * temp = head;
    int *p = new int;
    *p =0;
    int * t = p;
    
    while(temp){
        *p = temp->data;
        p++;
        temp=temp->next;
        
    }
    
    while (p!=t){
        p--;
        cout << *p << endl;
        
    }
    delete p;
   // cout << *p << endl;

}
/*
input 
10
295
765 599 543 472 358 951 596 927 461 641 773 707 123 542 862 298 491 232 504 123 400 108 108 105 794 114 44 447 983 241 422 796 611 181 578 918 898 843 169 224 507 249 374 149 740 760 750 636 578 435 881 948 488 575 408 575 684 163 55 208 583 303 354 758 843 934 369 241 157 653 709 882 834 860 786 564 35 25 293 583 115 866 710 185 653 409 204 477 672 575 205 870 212 820 725 202 76 394 11 416 572 599 905 572 611 129 987 360 415 689 116 610 197 571 334 843 871 738 864 779 62 125 711 56 303 703 744 461 39 648 945 325 730 70 741 503 45 33 630 696 729 768 219 607 825 174 249 674 776 409 44 747 381 543 165 966 512 512 402 58 900 73 771 742 733 389 576 459 537 331 886 877 153 157 305 411 150 444 985 757 486 327 751 483 86 554 806 18 902 809 612 735 930 116 208 547 430 746 667 695 351 952 193 879 118 856 279 817 629 333 548 228 57 971 465 923 72 169 579 410 186 512 501 981 242 74 856 181 772 710 349 308 206 616 399 917 136 531 540 671 310 504 546 833 362 886 35 437 252 954 723 598 300 845 662 155 764 819 565 44 992 944 127 809 311 723 746 840 633 716 625 646 704 207 292 546 49 864 501 862 2 814 623 231 883 578 823 554 551 111 301 431 129 785 65
308
73 296 808 168 87 27 310 573 36 687 130 295 885 520 815 257 937 236 415 661 168 309 304 74 91 837 576 647 264 824 859 254 277 311 233 860 802 298 954 885 657 794 52 18 759 783 664 332 738 637 154 560 778 670 792 378 18 597 840 820 541 951 275 646 691 609 310 828 307 446 814 693 361 488 497 689 239 356 961 8 813 17 569 183 154 214 63 899 434 888 579 941 656 931 988 54 42 334 807 474 98 2 97 591 697 865 929 420 684 160 609 908 313 951 444 194 632 477 543 356 691 94 689 899 48 79 796 726 523 382 68 260 687 956 412 280 708 564 662 868 623 419 441 673 39 56 114 875 355 538 110 815 903 663 123 453 421 465 532 304 798 600 132 146 681 349 247 411 960 58 862 537 399 340 945 319 894 499 628 95 956 39 372 553 27 514 489 556 401 290 924 338 418 397 703 294 656 956 505 982 453 706 569 66 437 268 112 933 319 913 153 57 866 185 234 397 298 215 194 664 186 393 587 412 672 188 167 78 70 234 43 426 189 717 360 32 81 11 727 796 922 322 667 575 511 578 224 257 658 272 999 136 760 663 145 855 872 622 761 682 233 735 917 686 150 219 939 187 515 776 534 883 366 133 647 794 968 434 630 781 84 227 968 621 924 667 624 491 401 627 120 291 425 658 214 243 328 875 370 786 834 412 532 235 260 547 728 889
325
65 915 675 663 736 652 191 494 527 974 736 972 138 90 137 256 44 831 560 860 806 292 918 782 759 762 460 116 388 612 549 413 470 167 192 532 321 252 493 414 368 283 765 544 940 264 867 763 228 808 711 98 940 818 327 856 856 239 309 613 359 75 6 783 578 356 663 931 139 224 672 787 305 745 298 230 720 841 170 53 579 128 741 33 228 643 956 888 847 468 47 984 237 118 939 304 692 624 918 979 569 807 295 357 784 317 832 702 711 70 318 932 49 623 213 603 47 960 718 630 574 273 426 412 493 117 21 174 213 3 678 557 809 330 371 518 933 338 783 799 313 479 142 969 45 439 581 533 532 224 140 737 107 45 221 98 672 104 532 601 885 206 294 848 692 328 228 300 282 414 471 410 510 99 843 531 736 670 502 361 740 189 415 826 158 641 985 802 270 118 759 450 155 713 359 637 449 930 249 423 13 50 183 630 605 323 580 515 970 756 103 647 863 468 991 984 953 764 181 643 926 376 999 545 744 292 521 532 449 256 235 976 774 325 680 932 502 479 834 896 858 883 609 935 980 656 883 828 50 599 482 254 217 789 339 61 564 238 67 404 604 681 594 343 678 200 921 428 499 814 837 252 993 89 923 1000 252 831 52 254 121 394 328 227 23 446 724 367 822 919 486 734 513 78 309 444 421 58 771 13 881 465 597 828 238 654 79 939 655 602 529 109 175 141 359 561 439 515 986 343 990 113 145 754 497
360
413 710 451 333 70 528 3 343 33 571 642 619 946 23 60 432 203 10 188 759 309 409 482 547 500 612 214 914 62 607 843 962 201 141 351 359 777 165 919 249 9 839 909 904 495 861 499 178 450 764 111 808 781 34 647 31 803 359 124 538 34 118 520 90 314 483 241 840 549 659 390 727 662 697 494 572 484 677 670 567 302 644 913 346 29 45 159 182 975 976 601 818 168 390 664 174 720 989 451 225 858 619 111 624 656 824 334 832 906 958 811 129 614 218 930 875 134 578 458 857 471 494 740 666 894 200 210 941 202 662 435 610 823 357 99 381 583 477 605 612 672 969 603 733 618 301 321 291 800 136 143 480 52 450 894 18 228 52 391 151 673 228 553 202 69 656 266 142 218 624 666 295 983 774 901 774 644 142 87 507 154 704 207 594 453 3 206 857 476 490 775 541 533 984 718 82 51 229 75 130 234 440 838 658 558 484 930 210 769 901 995 907 636 586 698 984 819 466 245 335 587 913 409 583 429 769 706 34 434 235 111 18 486 574 912 797 207 92 297 690 484 65 431 938 544 77 575 426 222 871 963 406 44 49 126 269 802 448 325 761 242 891 837 109 495 193 441 223 287 13 444 261 443 595 472 257 756 666 7 703 245 657 288 948 125 571 950 326 627 501 542 272 250 797 239 412 228 90 289 696 17 600 664 724 727 667 681 560 440 48 209 816 281 641 291 9 951 623 240 467 321 383 365 742 507 472 10 543 295 97 264 354 491 5 400 63 663 952 608 70 854 200 278 124 498 518 164 910 649 565 852 67 12 559 420 52 204 221 73 749
142
589 484 59 886 827 882 853 460 394 781 564 267 930 278 189 23 993 516 67 52 868 108 47 348 853 905 954 679 939 402 999 177 407 680 507 417 899 350 231 174 107 762 298 874 117 288 720 785 386 731 128 704 324 230 287 775 304 836 743 697 891 453 501 177 167 434 940 477 956 782 68 52 377 356 431 769 714 349 472 175 881 425 388 260 423 178 530 296 337 54 500 813 333 836 958 278 324 907 28 265 816 328 429 103 724 478 892 313 889 845 603 466 525 445 983 25 771 386 929 77 319 567 265 601 593 853 906 527 639 891 731 47 796 236 794 871 574 902 112 921 633 903
494
538 694 80 667 694 168 779 275 647 219 911 341 445 518 448 571 549 919 25 890 324 395 411 106 579 860 981 220 826 139 444 75 286 166 337 94 725 80 168 682 462 373 117 265 211 108 526 191 56 365 357 697 835 211 965 150 451 297 834 320 572 214 515 169 159 834 961 296 107 520 751 91 681 172 825 676 857 308 471 847 399 577 969 727 754 348 522 142 857 347 358 755 422 723 557 443 188 109 184 858 819 243 649 161 952 57 301 120 7 294 82 210 699 482 379 813 666 304 33 937 747 731 225 806 233 914 802 160 103 797 85 52 139 703 29 42 397 108 262 242 438 474 80 289 707 233 747 643 162 693 834 304 186 112 82 680 820 658 521 761 973 667 457 246 803 165 52 86 46 500 143 901 142 591 41 627 793 830 346 584 259 347 846 922 21 43 362 67 760 220 403 301 369 414 180 919 877 804 886 727 35 706 814 591 350 774 12 58 202 240 264 845 468 539 173 696 957 116 104 852 869 544 792 101 481 855 589 743 630 109 962 515 565 205 380 640 823 222 682 747 577 800 725 345 231 149 375 114 441 930 365 862 226 557 343 697 334 862 572 624 289 984 449 330 852 278 288 929 665 856 307 401 684 93 480 142 913 649 619 951 722 470 561 263 848 748 769 1000 311 842 43 751 124 28 858 669 944 141 372 962 427 604 926 626 715 568 290 313 637 270 482 328 880 631 796 671 583 68 117 587 85 212 120 999 456 914 894 20 440 545 309 771 854 185 355 926 559 345 898 381 785 180 619 405 26 198 301 632 470 550 468 305 599 68 628 78 180 177 421 334 988 355 949 835 794 888 740 887 744 247 321 248 86 701 871 621 498 259 668 872 278 914 670 859 918 473 638 773 297 874 798 28 734 203 140 610 270 344 399 291 14 27 310 450 635 78 374 609 437 70 42 407 366 791 834 425 74 100 487 395 119 605 498 286 244 16 98 722 635 882 60 242 944 613 971 101 473 546 735 544 181 22 47 942 735 542 929 362 203 764 150 722 181 89 529 19 38 171 62 881 920 214 445 221 103 404 453 382 735 319 419 99 850 987 699 709 233 847 243 215 688 330 684 319 428 743 10 260 37 139 793 647 606 108
130
172 898 457 167 600 655 582 338 282 908 446 725 883 547 465 175 504 889 110 513 149 267 607 990 241 801 577 554 902 293 459 21 391 386 140 775 377 350 886 947 932 354 455 150 274 262 773 238 44 56 911 349 129 636 304 524 609 82 765 722 299 212 235 757 941 375 596 174 658 183 520 463 914 685 126 461 623 322 810 351 476 443 158 695 814 276 499 990 77 183 102 377 89 892 421 632 518 408 321 835 290 792 36 821 316 964 970 715 964 166 89 411 959 362 786 759 514 862 647 785 780 945 93 750 262 709 169 37 460 998
219
559 594 562 409 318 105 152 980 928 537 491 658 90 207 134 220 390 718 480 134 48 103 879 290 330 971 630 423 933 4 584 502 434 426 780 944 586 522 929 99 179 758 121 588 955 841 951 948 892 881 210 653 729 830 18 444 461 359 296 542 520 321 983 796 355 233 991 929 136 950 638 848 381 218 559 616 903 888 221 898 57 516 558 127 860 712 89 860 494 619 970 775 85 153 555 640 195 208 842 547 257 662 392 875 773 54 685 998 254 882 423 701 60 63 57 986 154 702 134 753 70 503 365 633 381 909 619 194 937 606 247 623 301 578 406 347 428 569 405 141 647 735 661 349 54 833 886 14 243 575 854 404 60 674 129 53 640 644 736 946 214 548 91 324 915 17 234 673 970 684 237 382 483 64 297 68 822 283 859 668 903 12 732 61 193 445 821 531 469 23 210 87 194 306 841 995 931 188 313 788 902 495 229 104 289 149 264 647 781 237 745 948 77 941 342 435 933 439 906
405
301 342 720 449 716 800 447 396 31 731 878 877 905 769 470 36 74 790 653 25 603 718 215 278 574 993 781 959 479 521 367 843 439 592 243 474 125 789 566 422 333 365 823 708 139 291 368 866 326 882 150 104 191 799 102 513 513 49 544 904 1000 171 877 533 468 534 179 224 413 681 21 642 94 787 388 688 523 213 547 65 612 426 900 461 554 79 294 782 503 517 968 312 512 996 140 457 772 984 951 915 339 965 45 192 65 588 951 242 770 838 894 746 733 837 350 367 716 303 206 180 376 20 237 12 902 309 4 335 518 621 231 221 248 417 597 135 695 9 974 834 104 950 450 837 641 972 669 55 380 999 167 844 707 687 414 815 619 566 468 327 843 430 525 611 251 301 239 143 103 698 57 543 420 135 622 961 447 175 697 301 163 262 264 845 369 870 588 303 854 630 268 216 146 826 447 384 829 160 832 434 219 510 433 858 966 431 595 751 168 765 521 952 336 853 683 905 41 40 126 85 696 662 462 986 140 834 117 946 654 155 915 422 704 622 302 259 320 271 961 134 539 663 614 801 660 532 733 102 828 574 725 904 969 861 288 326 841 550 409 362 437 725 22 828 625 946 367 473 72 78 551 991 73 532 456 232 447 18 889 620 858 223 953 385 88 212 242 476 968 973 928 79 979 247 2 995 140 769 629 692 582 349 838 810 162 109 662 924 936 480 805 980 754 500 497 143 790 99 925 340 738 960 285 962 344 825 198 764 273 244 272 14 268 651 797 670 21 794 681 765 704 893 313 886 285 477 774 492 963 113 489 373 935 183 182 642 715 74 539 654 706 586 975 989 48 905 21 84 123 930 272 757 854 338 439 505 291 713 800 677 830 391 469 424 566 497 204 481 253 627 160 90 933 684 395 369 418 687 862 940 900 134 932 690 651
274
732 230 803 833 486 357 416 837 418 980 720 951 206 781 885 283 399 160 474 762 108 228 963 597 71 501 231 662 501 741 263 923 35 853 550 700 393 842 208 954 1000 466 485 120 949 390 37 579 309 680 2 299 801 715 771 714 697 72 653 329 842 213 378 439 618 781 251 476 368 516 175 583 614 922 932 45 817 917 146 971 613 401 597 552 211 633 969 542 532 620 37 952 524 547 891 171 826 279 931 310 924 397 885 331 573 443 118 294 217 106 703 547 925 779 923 553 377 836 766 227 367 218 489 930 627 222 26 918 282 594 694 677 797 35 521 384 277 814 634 946 62 732 266 514 990 832 835 317 980 109 890 766 939 530 190 169 126 39 881 601 811 303 780 215 130 358 788 443 309 282 993 930 807 932 411 352 175 150 21 661 940 323 468 402 663 803 23 370 238 358 685 27 733 718 292 132 876 263 278 607 382 617 403 942 637 730 755 814 401 877 506 912 552 463 85 389 900 286 945 488 786 355 289 989 23 54 6 598 891 78 286 834 903 656 239 229 680 677 626 340 323 414 514 80 49 489 660 792 314 235 879 673 499 589 563 847 50 456 323 506 942 435 765 844 945 338 350 439 687 518 80 626 607 305

*/




/*
out put 

65
785
129
431
301
111
551
554
823
578
883
231
623
814
2
862
501
864
49
546
292
207
704
646
625
716
633
840
746
723
311
809
127
944
992
44
565
819
764
155
662
845
300
598
723
954
252
437
35
886
362
833
546
504
310
671
540
531
136
917
399
616
206
308
349
710
772
181
856
74
242
981
501
512
186
410
579
169
72
923
465
971
57
228
548
333
629
817
279
856
118
879
193
952
351
695
667
746
430
547
208
116
930
735
612
809
902
18
806
554
86
483
751
327
486
757
985
444
150
411
305
157
153
877
886
331
537
459
576
389
733
742
771
73
900
58
402
512
512
966
165
543
381
747
44
409
776
674
249
174
825
607
219
768
729
696
630
33
45
503
741
70
730
325
945
648
39
461
744
703
303
56
711
125
62
779
864
738
871
843
334
571
197
610
116
689
415
360
987
129
611
572
905
599
572
416
11
394
76
202
725
820
212
870
205
575
672
477
204
409
653
185
710
866
115
583
293
25
35
564
786
860
834
882
709
653
157
241
369
934
843
758
354
303
583
208
55
163
684
575
408
575
488
948
881
435
578
636
750
760
740
149
374
249
507
224
169
843
898
918
578
181
611
796
422
241
983
447
44
114
794
105
108
108
400
123
504
232
491
298
862
542
123
707
773
641
461
927
596
951
358
472
543
599
765
889
728
547
260
235
532
412
834
786
370
875
328
243
214
658
425
291
120
627
401
491
624
667
924
621
968
227
84
781
630
434
968
794
647
133
366
883
534
776
515
187
939
219
150
686
917
735
233
682
761
622
872
855
145
663
760
136
999
272
658
257
224
578
511
575
667
322
922
796
727
11
81
32
360
717
189
426
43
234
70
78
167
188
672
412
587
393
186
664
194
215
298
397
234
185
866
57
153
913
319
933
112
268
437
66
569
706
453
982
505
956
656
294
703
397
418
338
924
290
401
556
489
514
27
553
372
39
956
95
628
499
894
319
945
340
399
537
862
58
960
411
247
349
681
146
132
600
798
304
532
465
421
453
123
663
903
815
110
538
355
875
114
56
39
673
441
419
623
868
662
564
708
280
412
956
687
260
68
382
523
726
796
79
48
899
689
94
691
356
543
477
632
194
444
951
313
908
609
160
684
420
929
865
697
591
97
2
98
474
807
334
42
54
988
931
656
941
579
888
434
899
63
214
154
183
569
17
813
8
961
356
239
689
497
488
361
693
814
446
307
828
310
609
691
646
275
951
541
820
840
597
18
378
792
670
778
560
154
637
738
332
664
783
759
18
52
794
657
885
954
298
802
860
233
311
277
254
859
824
264
647
576
837
91
74
304
309
168
661
415
236
937
257
815
520
885
295
130
687
36
573
310
27
87
168
808
296
73
497
754
145
113
990
343
986
515
439
561
359
141
175
109
529
602
655
939
79
654
238
828
597
465
881
13
771
58
421
444
309
78
513
734
486
919
822
367
724
446
23
227
328
394
121
254
52
831
252
1000
923
89
993
252
837
814
499
428
921
200
678
343
594
681
604
404
67
238
564
61
339
789
217
254
482
599
50
828
883
656
980
935
609
883
858
896
834
479
502
932
680
325
774
976
235
256
449
532
521
292
744
545
999
376
926
643
181
764
953
984
991
468
863
647
103
756
970
515
580
323
605
630
183
50
13
423
249
930
449
637
359
713
155
450
759
118
270
802
985
641
158
826
415
189
740
361
502
670
736
531
843
99
510
410
471
414
282
300
228
328
692
848
294
206
885
601
532
104
672
98
221
45
107
737
140
224
532
533
581
439
45
969
142
479
313
799
783
338
933
518
371
330
809
557
678
3
213
174
21
117
493
412
426
273
574
630
718
960
47
603
213
623
49
932
318
70
711
702
832
317
784
357
295
807
569
979
918
624
692
304
939
118
237
984
47
468
847
888
956
643
228
33
741
128
579
53
170
841
720
230
298
745
305
787
672
224
139
931
663
356
578
783
6
75
359
613
309
239
856
856
327
818
940
98
711
808
228
763
867
264
940
544
765
283
368
414
493
252
321
532
192
167
470
413
549
612
388
116
460
762
759
782
918
292
806
860
560
831
44
256
137
90
138
972
736
974
527
494
191
652
736
663
675
915
65
749
73
221
204
52
420
559
12
67
852
565
649
910
164
518
498
124
278
200
854
70
608
952
663
63
400
5
491
354
264
97
295
543
10
472
507
742
365
383
321
467
240
623
951
9
291
641
281
816
209
48
440
560
681
667
727
724
664
600
17
696
289
90
228
412
239
797
250
272
542
501
627
326
950
571
125
948
288
657
245
703
7
666
756
257
472
595
443
261
444
13
287
223
441
193
495
109
837
891
242
761
325
448
802
269
126
49
44
406
963
871
222
426
575
77
544
938
431
65
484
690
297
92
207
797
912
574
486
18
111
235
434
34
706
769
429
583
409
913
587
335
245
466
819
984
698
586
636
907
995
901
769
210
930
484
558
658
838
440
234
130
75
229
51
82
718
984
533
541
775
490
476
857
206
3
453
594
207
704
154
507
87
142
644
774
901
774
983
295
666
624
218
142
266
656
69
202
553
228
673
151
391
52
228
18
894
450
52
480
143
136
800
291
321
301
618
733
603
969
672
612
605
477
583
381
99
357
823
610
435
662
202
941
210
200
894
666
740
494
471
857
458
578
134
875
930
218
614
129
811
958
906
832
334
824
656
624
111
619
858
225
451
989
720
174
664
390
168
818
601
976
975
182
159
45
29
346
913
644
302
567
670
677
484
572
494
697
662
727
390
659
549
840
241
483
314
90
520
118
34
538
124
359
803
31
647
34
781
808
111
764
450
178
499
861
495
904
909
839
9
249
919
165
777
359
351
141
201
962
843
607
62
914
214
612
500
547
482
409
309
759
188
10
203
432
60
23
946
619
642
571
33
343
3
528
70
333
451
710
413
903
633
921
112
902
574
871
794
236
796
47
731
891
639
527
906
853
593
601
265
567
319
77
929
386
771
25
983
445
525
466
603
845
889
313
892
478
724
103
429
328
816
265
28
907
324
278
958
836
333
813
500
54
337
296
530
178
423
260
388
425
881
175
472
349
714
769
431
356
377
52
68
782
956
477
940
434
167
177
501
453
891
697
743
836
304
775
287
230
324
704
128
731
386
785
720
288
117
874
298
762
107
174
231
350
899
417
507
680
407
177
999
402
939
679
954
905
853
348
47
108
868
52
67
516
993
23
189
278
930
267
564
781
394
460
853
882
827
886
59
484
589
108
606
647
793
139
37
260
10
743
428
319
684
330
688
215
243
847
233
709
699
987
850
99
419
319
735
382
453
404
103
221
445
214
920
881
62
171
38
19
529
89
181
722
150
764
203
362
929
542
735
942
47
22
181
544
735
546
473
101
971
613
944
242
60
882
635
722
98
16
244
286
498
605
119
395
487
100
74
425
834
791
366
407
42
70
437
609
374
78
635
450
310
27
14
291
399
344
270
610
140
203
734
28
798
874
297
773
638
473
918
859
670
914
278
872
668
259
498
621
871
701
86
248
321
247
744
887
740
888
794
835
949
355
988
334
421
177
180
78
628
68
599
305
468
550
470
632
301
198
26
405
619
180
785
381
898
345
559
926
355
185
854
771
309
545
440
20
894
914
456
999
120
212
85
587
117
68
583
671
796
631
880
328
482
270
637
313
290
568
715
626
926
604
427
962
372
141
944
669
858
28
124
751
43
842
311
1000
769
748
848
263
561
470
722
951
619
649
913
142
480
93
684
401
307
856
665
929
288
278
852
330
449
984
289
624
572
862
334
697
343
557
226
862
365
930
441
114
375
149
231
345
725
800
577
747
682
222
823
640
380
205
565
515
962
109
630
743
589
855
481
101
792
544
869
852
104
116
957
696
173
539
468
845
264
240
202
58
12
774
350
591
814
706
35
727
886
804
877
919
180
414
369
301
403
220
760
67
362
43
21
922
846
347
259
584
346
830
793
627
41
591
142
901
143
500
46
86
52
165
803
246
457
667
973
761
521
658
820
680
82
112
186
304
834
693
162
643
747
233
707
289
80
474
438
242
262
108
397
42
29
703
139
52
85
797
103
160
802
914
233
806
225
731
747
937
33
304
666
813
379
482
699
210
82
294
7
120
301
57
952
161
649
243
819
858
184
109
188
443
557
723
422
755
358
347
857
142
522
348
754
727
969
577
399
847
471
308
857
676
825
172
681
91
751
520
107
296
961
834
159
169
515
214
572
320
834
297
451
150
965
211
835
697
357
365
56
191
526
108
211
265
117
373
462
682
168
80
725
94
337
166
286
75
444
139
826
220
981
860
579
106
411
395
324
890
25
919
549
571
448
518
445
341
911
219
647
275
779
168
694
667
80
694
538
998
460
37
169
709
262
750
93
945
780
785
647
862
514
759
786
362
959
411
89
166
964
715
970
964
316
821
36
792
290
835
321
408
518
632
421
892
89
377
102
183
77
990
499
276
814
695
158
443
476
351
810
322
623
461
126
685
914
463
520
183
658
174
596
375
941
757
235
212
299
722
765
82
609
524
304
636
129
349
911
56
44
238
773
262
274
150
455
354
932
947
886
350
377
775
140
386
391
21
459
293
902
554
577
801
241
990
607
267
149
513
110
889
504
175
465
547
883
725
446
908
282
338
582
655
600
167
457
898
172
906
439
933
435
342
941
77
948
745
237
781
647
264
149
289
104
229
495
902
788
313
188
931
995
841
306
194
87
210
23
469
531
821
445
193
61
732
12
903
668
859
283
822
68
297
64
483
382
237
684
970
673
234
17
915
324
91
548
214
946
736
644
640
53
129
674
60
404
854
575
243
14
886
833
54
349
661
735
647
141
405
569
428
347
406
578
301
623
247
606
937
194
619
909
381
633
365
503
70
753
134
702
154
986
57
63
60
701
423
882
254
998
685
54
773
875
392
662
257
547
842
208
195
640
555
153
85
775
970
619
494
860
89
712
860
127
558
516
57
898
221
888
903
616
559
218
381
848
638
950
136
929
991
233
355
796
983
321
520
542
296
359
461
444
18
830
729
653
210
881
892
948
951
841
955
588
121
758
179
99
929
522
586
944
780
426
434
502
584
4
933
423
630
971
330
290
879
103
48
134
480
718
390
220
134
207
90
658
491
537
928
980
152
105
318
409
562
594
559
651
690
932
134
900
940
862
687
418
369
395
684
933
90
160
627
253
481
204
497
566
424
469
391
830
677
800
713
291
505
439
338
854
757
272
930
123
84
21
905
48
989
975
586
706
654
539
74
715
642
182
183
935
373
489
113
963
492
774
477
285
886
313
893
704
765
681
794
21
670
797
651
268
14
272
244
273
764
198
825
344
962
285
960
738
340
925
99
790
143
497
500
754
980
805
480
936
924
662
109
162
810
838
349
582
692
629
769
140
995
2
247
979
79
928
973
968
476
242
212
88
385
953
223
858
620
889
18
447
232
456
532
73
991
551
78
72
473
367
946
625
828
22
725
437
362
409
550
841
326
288
861
969
904
725
574
828
102
733
532
660
801
614
663
539
134
961
271
320
259
302
622
704
422
915
155
654
946
117
834
140
986
462
662
696
85
126
40
41
905
683
853
336
952
521
765
168
751
595
431
966
858
433
510
219
434
832
160
829
384
447
826
146
216
268
630
854
303
588
870
369
845
264
262
163
301
697
175
447
961
622
135
420
543
57
698
103
143
239
301
251
611
525
430
843
327
468
566
619
815
414
687
707
844
167
999
380
55
669
972
641
837
450
950
104
834
974
9
695
135
597
417
248
221
231
621
518
335
4
309
902
12
237
20
376
180
206
303
716
367
350
837
733
746
894
838
770
242
951
588
65
192
45
965
339
915
951
984
772
457
140
996
512
312
968
517
503
782
294
79
554
461
900
426
612
65
547
213
523
688
388
787
94
642
21
681
413
224
179
534
468
533
877
171
1000
904
544
49
513
513
102
799
191
104
150
882
326
866
368
291
139
708
823
365
333
422
566
789
125
474
243
592
439
843
367
521
479
959
781
993
574
278
215
718
603
25
653
790
74
36
470
769
905
877
878
731
31
396
447
800
716
449
720
342
301
305
607
626
80
518
687
439
350
338
945
844
765
435
942
506
323
456
50
847
563
589
499
673
879
235
314
792
660
489
49
80
514
414
323
340
626
677
680
229
239
656
903
834
286
78
891
598
6
54
23
989
289
355
786
488
945
286
900
389
85
463
552
912
506
877
401
814
755
730
637
942
403
617
382
607
278
263
876
132
292
718
733
27
685
358
238
370
23
803
663
402
468
323
940
661
21
150
175
352
411
932
807
930
993
282
309
443
788
358
130
215
780
303
811
601
881
39
126
169
190
530
939
766
890
109
980
317
835
832
990
514
266
732
62
946
634
814
277
384
521
35
797
677
694
594
282
918
26
222
627
930
489
218
367
227
766
836
377
553
923
779
925
547
703
106
217
294
118
443
573
331
885
397
924
310
931
279
826
171
891
547
524
952
37
620
532
542
969
633
211
552
597
401
613
971
146
917
817
45
932
922
614
583
175
516
368
476
251
781
618
439
378
213
842
329
653
72
697
714
771
715
801
299
2
680
309
579
37
390
949
120
485
466
1000
954
208
842
393
700
550
853
35
923
263
741
501
662
231
501
71
597
963
228
108
762
474
160
399
283
885
781
206
951
720
980
418
837
416
357
486
833
803
230
732

*/
